Last login: Fri Jun  5 10:02:09 on ttys000
MaddieBook:~ maddiebrandt$ cd/Applications/gfan
-bash: cd/Applications/gfan: No such file or directory
MaddieBook:~ maddiebrandt$ cd /Applications/gfan
MaddieBook:gfan maddiebrandt$ ./gfan_tropicalintersection <p2f3plus.txt
LP algorithm being used: "cddgmp".
_application fan
_version 2.2
_type SymmetricFan

AMBIENT_DIM
21

DIM
12

LINEALITY_DIM
10

RAYS
-13375 7208 4979 1188 4979 1188 1196 -1196 3107 1351 -1041 6477 -5646 -773 -3165 -4488 -6880 -152 -2007 4721 2329	# 0
901 -2280 579 800 579 800 92 -92 -545 -665 -849 -135 410 227 43 484 300 -72 117 -255 -439	# 1
3791 -1768 -6835 4812 -6835 4812 1748 -1748 6893 3241 -255 963 3086 -3723 -7219 5864 2368 4120 -4441 -2689 -6185	# 2
4979 4632 -17239 7628 793 -10404 -92 92 4073 3605 3789 -2217 2726 -2383 -2199 3240 3424 2424 -1685 -2685 -2501	# 3
4979 4632 793 -10404 -17239 7628 -92 92 4073 3605 3789 -2217 2726 -2383 -2199 3240 3424 2424 -1685 -2685 -2501	# 4

N_RAYS
5

LINEALITY_SPACE
1 0 0 0 0 0 0 0 0 0 0 0 0 0 0 -1 -1 0 -1 0 0
0 1 0 0 0 0 0 0 0 -1 -1 0 0 0 0 0 0 -1 0 -1 -1
0 0 2 0 0 -2 0 0 0 0 0 0 0 -1 -1 1 1 1 0 0 0
0 0 0 2 0 2 0 0 0 2 2 0 0 1 1 1 1 1 2 2 2
0 0 0 0 1 1 0 0 0 1 1 0 0 0 0 1 1 1 1 1 1
0 0 0 0 0 0 1 0 0 1 0 0 0 1 0 1 0 0 1 1 0
0 0 0 0 0 0 0 1 0 -1 0 0 0 -1 0 -1 0 0 -1 -1 0
0 0 0 0 0 0 0 0 2 0 0 0 0 1 1 -1 -1 -3 0 -2 -2
0 0 0 0 0 0 0 0 0 0 0 1 0 0 0 1 1 1 1 1 1
0 0 0 0 0 0 0 0 0 0 0 0 2 1 1 -1 -1 1 -2 0 0

ORTH_LINEALITY_SPACE
1 0 0 -1 0 -1 0 0 0 0 -1 -2 0 0 2 0 0 0 1 -1 2
0 1 0 -1 0 -1 0 0 0 0 0 -1 0 0 1 0 0 -1 0 0 2
0 0 1 -1 0 0 0 0 0 0 -1 -1 0 0 1 0 0 -1 0 0 2
0 0 0 0 1 -1 0 0 0 0 -1 -1 0 0 1 0 0 -1 0 0 2
0 0 0 0 0 0 1 -1 0 0 0 0 0 0 0 0 0 0 0 -1 1
0 0 0 0 0 0 0 0 1 0 -1 -1 0 0 0 0 0 0 0 0 1
0 0 0 0 0 0 0 0 0 1 -1 0 0 0 0 0 0 0 0 -1 1
0 0 0 0 0 0 0 0 0 0 0 0 1 0 -1 0 0 -1 0 0 1
0 0 0 0 0 0 0 0 0 0 0 0 0 1 -1 0 0 0 0 -1 1
0 0 0 0 0 0 0 0 0 0 0 0 0 0 0 1 0 -1 -1 0 1
0 0 0 0 0 0 0 0 0 0 0 0 0 0 0 0 1 -1 -1 1 0

F_VECTOR
1 5 4

SIMPLICIAL
1

PURE
1

CONES
{}	# Dimension 10
{0}	# Dimension 11
{1}
{2}
{3}
{4}
{0 2}	# Dimension 12
{1 2}
{2 3}
{2 4}

MAXIMAL_CONES
{0 2}	# Dimension 12
{1 2}
{2 3}
{2 4}

MULTIPLICITIES
1	# Dimension 12
1
1
1
MaddieBook:gfan maddiebrandt$ 
